104
762
130
603
137
15
501
230
675
148
108
284
157
457
293
114
934
817
132
396
783
831
324
126
510
650
53
701
881
964
136
478
510
368
119
199
888
259
950
664
488
371
420
946
107
208
772
446
565
197
754
423
50
465
425
658
508
138
75
486
263
634
371
619
430
130
30
497
892
674
54
471
778
449
531
213
459
679
923
751
17
668
284
219
852
395
515
978
854
914
893
871
186
630
530
858
897
892
197
633
784
450
703
829
736
509
945
491
802
200
384
119
856
860
710
433
177
829
979
295
388
472
697
875
393
906
220
126
462
39
455
350
108
407
13
870
60
937
567
461
824
109
572
551
671
995
833
307
635
144
70
176
311
413
635
48
451
924
991
667
802
729
999
909
804
658
45
893
576
482
65
64
505
616
302
885
301
756
672
163
103
571
800
696
706
625
493
604
271
983
933
123
972
140
765
584
350
65
820
580
610
623
29
425
963
527
922
504
319
615
101
705
995
688
672
961
99
850
521
439
995
547
731
151
456
173
626
246
648
178
471
797
358
820
384
270
406
267
233
997
933
789
406
522
14
778
326
1
606
425
241
794
598
513
205
84
626
486
585
522
281
903
750
93
220
751
308
380
432
193
375
147
466
236
674
657
519
203
379
608
355
265
51
984
123
684
270
799
790
390
888
223
556
428
332
736
501
917
665
166
97
269
671
981
547
423
189
620
17
861
965
589
124
351
52
85
740
535
322
335
15
97
454
181
144
536
596
636
340
318
617
89
146
93
40
377
238
270
134
534
544
795
802
872
446
930
712
588
458
242
336
781
790
291
803
972
824
983
370
629
77
417
604
2
320
915
713
188
235
63
927
716
707
57
508
109
855
306
523
364
419
329
86
736
840
892
303
97
85
554
42
760
160
22
642
562
625
889
946
346
175
446
691
505
930
997
527
900
871
194
422
579
833
699
916
60
52
159
367
617
476
247
494
587
196
342
765
688
321
271
334
517
359
100
797
64
168
683
324
736
213
900
396
642
654
238
371
662
408
839
903
396
22
616
785
960
776
524
786
195
877
212
463
527
547
460
328
126
698
144
448
566
625
141
604
821
789
296
996
811
915
122
947
767
738
264
901
219
332
450
451
675
905
133
768
61
517
200
386
553
393
409
543
689
568
138
288
254
181
64
125
820
775
481
605
336
404
298
850
300
371
336
825
68
27
358
915
960
417
482
13
974
931
367
688
406
7
455
763
648
38
431
771
120
410
476
254
902
616
144
286
941
283
500
780
393
422
687
852
47
487
774
370
614
341
678
467
886
395
448
37
81
584
81
525
159
718
537
709
533
164
880
445
141
501
236
368
768
692
323
177
777
751
192
822
429
85
898
228
545
922
646
719
638
511
67
572
150
845
247
341
674
135
404
846
807
644
193
401
439
859
438
45
553
19
82
819
600
684
357
869
214
521
248
599
665
588
841
309
335
66
997
875
6
721
972
653
85
321
304
801
846
742
6
305
564
215
40
925
846
828
73
746
617
124
586
194
570
647
938
605
38
540
358
571
536
243
31
662
117
757
292
734
344
865
36
700
850
527
138
221
134
990
847
513
558
821
637
773
547
157
354
828
880
597
357
506
345
586
782
478
679
618
18
250
57
377
525
551
422
359
577
798
751
670
668
6
203
128
184
242
443
884
666
387
474
265
788
60
533
291
555
481
995
162
756
212
987
359
22
902
603
64
605
998
289
1
767
906
96
747
689
108
963
933
686
765
398
370
367
66
627
944
135
224
441
331
78
992
262
207
942
749
569
109
381
841
227
704
924
537
184
951
288
145
759
912
622
706
210
845
331
473
724
188
288
349
320
445
912
745
985
631
959
148
896
920
506
841
855
484
38
842
415
565
581
542
510
539
310
749
175
938
174
319
512
421
763
530
872
282
539
459
650
973
47
778
25
697
476
705
282
526
771
495
210
707
310
183
583
466
950
49
964
879
716
835
732
429
994
909
811
178
259
924
170
71
166
188
224
275
99
916
218
735
516
663
126
34
770
605
265
263
365
284
661
349
663
763
534
416
924
149
445
426
385
581
692
481
124
806
542
690
445
89
816
242
770
539
191
915
841
876
491
13
977
489
865
82
807
209
347
609
152
794
293
767
614
767
293
232
999
397
434
485
356
96
714
927
474
777
81
185
658
466
703
939
678
721
700
147
80
145
662
711
496
586
643
236
8
811
934
242
73
49
963
605
810
523
130
448
566
281
918
842
728
997
767
89
805
169
976
394
916
793
660
339
640
407
843